3.60154
3.57101
3.53943
3.49027
3.45645
3.40439
3.36893
3.31482
3.27824
3.2228
3.18556
3.12942
3.09189
3.03554
2.99799
2.94176
2.90437
2.84846
2.81132
2.75581
2.71893
2.66377
2.6271
2.5722
2.53564
2.48084
2.4443
2.38945
2.35283
2.29779
2.26102
2.22419
2.16883
2.13186
2.07635
2.03934
1.98388
1.94699
1.89192
1.85544
1.80122
1.76549
1.7127
1.67816
1.62749
1.59461
1.54682
1.51612
1.472
1.44401
1.40436
1.3796
1.34515
1.32409
1.29552
1.27858
1.25643
1.24391
1.22859
1.22071
1.21244
1.20929
1.20804
1.20969
1.2131
1.22161
1.22949
1.2445
1.25655
1.27753
1.29336
1.31968
1.33885
1.36981
1.39182
1.42667
1.45103
1.48903
1.51525
1.55573
1.58338
1.6257
1.65442
1.69811
1.72759
1.77229
1.80236
1.84785
1.87841
1.92463
1.95569
1.98697
2.03434
2.06626
2.11472
2.14745
2.19728
2.23103
2.28256
2.31755
2.37109
2.40752
2.46333
2.50134
2.55959
2.59924
2.65995
2.70122
2.76427
2.80701
2.87208
2.91602
2.98262
3.02736
3.0948
3.13985
3.20728
3.252
3.31843
3.36212
3.42646
3.46837
3.50935
3.56881
3.60692
3.66149
3.69597
3.74456
3.77471
3.81634
3.84155
3.87538
3.89517
3.92056
3.93457
3.95111
3.95913
3.96663
3.96863
3.96715
3.96323
3.95306
3.94349
3.92512
3.91029
3.88439
3.8648
3.83217
3.80839
3.76994
3.74259
3.71399
3.66896
3.63766
3.58904
3.55565
3.50429
3.46933
3.41598
3.37991
3.32518
3.28836
3.23272
3.1954
3.13916
3.1015
3.04481
3.00688
2.94976
2.91153
2.85392
2.81531
2.75706
2.71796
2.65887
2.61916
2.55907
2.51865
2.45744
2.41624
2.35388
2.31193
2.2697
2.20588
2.16306
2.09852
2.05535
1.99053
1.94736
1.88284
1.8401
1.7766
1.73482
1.67319
1.63294
1.57408
1.53599
1.48085
1.44556
1.39507
1.36318
1.31823
1.29031
1.25168
1.22819
1.19653
1.17786
1.15363
1.14003
1.12352
1.11511
1.10878
1.10315
1.10194
1.10386
1.10757
1.11664
1.12495
1.14063
1.15312
1.17472
1.19091
1.21768
1.23705
1.2682
1.29023
1.32498
1.34917
1.38681
1.41271
1.45262
1.47986
1.52156
1.54987
1.59302
1.62222
1.66665
1.69669
1.7424
1.77332
1.82043
1.85236
1.88476
1.93429
1.96799
2.01967
2.05494
2.10916
2.14624
2.20336
2.24248
2.30278
2.34409
2.40775
2.45131
2.51833
2.56409
2.63429
2.68207
2.75506
2.80452
2.87971
2.93037
3.00695
3.05822
3.13518
3.18634
3.26254
3.31278
3.38695
3.4354
3.48289
3.552
3.59646
3.66037
3.70094
3.75842
3.79431
3.84425
3.87479
3.91626
3.94091
3.97321
3.99156
4.01423
4.02608
4.03893
4.04423
4.04734
