4.03996
4.03273
4.02318
4.00465
3.98963
3.96332
3.94341
3.91026
3.88613
3.84715
3.81948
3.7757
3.74516
3.69757
3.66481
3.61434
3.57992
3.52736
3.49178
3.43776
3.40139
3.3464
3.3095
3.25385
3.21658
3.16041
3.1228
3.06613
3.02815
2.97085
2.9324
2.89373
2.83524
2.7959
2.7363
2.69616
2.63527
2.59422
2.53193
2.48993
2.42624
2.38335
2.3184
2.27474
2.20882
2.16466
2.09824
2.05394
1.98763
1.94365
1.87822
1.8351
1.77142
1.72978
1.6688
1.62928
1.57197
1.53523
1.48256
1.44922
1.40209
1.37271
1.34505
1.30695
1.28388
1.25293
1.23477
1.21133
1.19825
1.18248
1.17451
1.16634
1.16337
1.16253
1.16432
1.17036
1.17654
1.18886
1.19898
1.21685
1.23042
1.25305
1.26952
1.29611
1.31497
1.34476
1.36551
1.39781
1.42004
1.45429
1.47768
1.50145
1.53781
1.56248
1.60012
1.62564
1.6646
1.69104
1.7315
1.75905
1.80135
1.83028
1.87487
1.90549
1.95289
1.98555
2.03627
2.07131
2.12583
2.16355
2.22225
2.26285
2.32598
2.36955
2.43714
2.48365
2.55554
2.6048
2.68056
2.73221
2.81119
2.86472
2.91881
3.00077
3.05577
3.13847
3.19354
3.27565
3.32986
3.40996
3.46234
3.53895
3.58851
3.66019
3.70599
3.77136
3.81252
3.87035
3.90612
3.95538
3.98515
4.02503
4.04834
4.07831
4.09492
4.11472
4.12453
4.1342
4.13733
4.13715
4.13386
4.12813
4.11509
4.10357
4.08228
4.06555
4.03692
4.01562
3.98063
3.95544
3.9151
3.88667
3.84195
3.81089
3.76266
3.72953
3.67854
3.64378
3.59063
3.55458
3.49969
3.46258
3.4062
3.36814
3.31036
3.27137
3.21215
3.17216
3.11136
3.07024
3.00765
2.96527
2.92234
2.85688
2.8125
2.74479
2.69887
2.62885
2.58141
2.50914
2.46027
2.38599
2.33589
2.26
2.20901
2.13211
2.08068
2.00351
1.95219
1.87566
1.8251
1.75023
1.70114
1.62902
1.58213
1.51387
1.46993
1.40662
1.36631
1.30895
1.27292
1.23874
1.19114
1.16194
1.12209
1.09821
1.0665
1.04814
1.02477
1.01197
0.996883
0.98953
0.982457
0.980306
0.980783
0.983471
0.990876
0.997947
1.01155
1.02249
1.04149
1.05576
1.07935
1.09643
1.12387
1.14327
1.17388
1.19521
1.22847
1.25143
1.28697
1.31137
1.33633
1.37479
1.40114
1.44175
1.4696
1.51261
1.54216
1.58794
1.61949
1.66851
1.7024
1.75518
1.79175
1.84881
1.88839
1.95018
1.99304
2.05988
2.10617
2.17822
2.22798
2.30517
2.35829
2.44034
2.49652
2.58285
2.64165
2.73145
2.79223
2.85359
2.94643
3.00864
3.10205
3.16416
3.25665
3.31763
3.40762
3.46639
3.55226
3.60776
3.68795
3.73916
3.81221
3.85821
3.92283
3.96283
4.01796
