4.09619
4.12251
4.14592
4.17555
4.19162
4.21024
4.21903
4.22686
4.22859
4.22611
4.22118
4.20911
4.19807
4.17729
4.16079
4.13233
4.11107
4.07602
4.05072
4.01017
3.98155
3.93653
3.90526
3.8567
3.82335
3.77206
3.7371
3.68369
3.64749
3.59239
3.55517
3.51758
3.46053
3.42206
3.36367
3.32429
3.26447
3.22408
3.16266
3.12112
3.05787
3.01503
2.94974
2.90549
2.83801
2.79228
2.72256
2.67535
2.60348
2.55491
2.48115
2.43145
2.35624
2.30575
2.2297
2.1789
2.10278
2.05223
1.97697
1.92733
1.85396
1.80593
1.75875
1.68983
1.64529
1.58084
1.53963
1.48067
1.44342
1.39084
1.3581
1.31261
1.2848
1.24694
1.22433
1.19439
1.17711
1.15517
1.14318
1.12908
1.1222
1.11555
1.11348
1.11373
1.11603
1.12249
1.12867
1.14055
1.15007
1.16654
1.17886
1.19214
1.21372
1.22909
1.25349
1.27054
1.29721
1.31565
1.34423
1.36387
1.39419
1.41499
1.44709
1.46913
1.50325
1.52676
1.5633
1.58859
1.6281
1.65557
1.69867
1.72876
1.77612
1.80927
1.86152
1.89812
1.95582
1.9962
2.05973
2.10409
2.17366
2.22205
2.27203
2.34991
2.4037
2.48704
2.54427
2.63236
2.69245
2.78431
2.84652
2.94091
3.00433
3.09981
3.16344
3.25841
3.32115
3.41393
3.47464
3.56353
3.62109
3.70444
3.75778
3.83406
3.88222
3.95009
3.99226
4.05062
4.08614
4.13415
4.16258
4.18809
4.22083
4.23896
4.26063
4.27142
4.28224
4.28594
4.28638
4.28338
4.27415
4.26499
4.24697
4.23226
4.20645
4.18689
4.15432
4.1306
4.0923
4.0651
4.02204
3.99196
3.94498
3.91254
3.86235
3.82796
3.77508
3.73902
3.68379
3.64623
3.58881
3.5498
3.51021
3.44971
3.40859
3.34571
3.30294
3.23745
3.19287
3.12455
3.078
3.00664
2.95803
2.88352
2.8328
2.75517
2.70241
2.62183
2.56721
2.48407
2.4279
2.34275
2.28549
2.19909
2.1413
2.05459
1.99694
1.91099
1.85424
1.77023
1.71516
1.66101
1.58176
1.53044
1.45603
1.40832
1.33985
1.29644
1.23488
1.19635
1.14249
1.10929
1.06368
1.03611
0.999065
0.977257
0.948858
0.932776
0.912853
0.902311
0.890479
0.885156
0.880847
0.880315
0.882828
0.886587
0.895136
0.902649
0.916427
0.927162
0.945395
0.958862
0.973301
0.99665
1.01327
1.03967
1.0582
1.08736
1.10768
1.13948
1.16159
1.19616
1.2202
1.25782
1.28404
1.32518
1.35392
1.39916
1.43084
1.48081
1.51586
1.57121
1.61006
1.67137
1.71436
1.78211
1.8295
1.90396
1.95587
2.03709
2.09346
2.15155
2.24181
2.30397
2.39997
2.46568
2.5665
2.63503
2.73945
2.80992
2.91649
2.98786
3.09494
3.16605
3.27184
3.34149
3.44415
3.5111
3.6088
