2.93453
2.89464
2.85469
2.79479
2.75495
2.69543
2.65598
2.59723
2.55839
2.5007
2.46264
2.4062
2.36903
2.31395
2.27771
2.22405
2.18875
2.13651
2.10216
2.05132
2.01789
1.96843
1.93591
1.88784
1.85626
1.80962
1.77903
1.73394
1.70443
1.66106
1.63278
1.60504
1.56454
1.53833
1.5003
1.47588
1.44076
1.41843
1.3867
1.36679
1.33896
1.32182
1.2984
1.28437
1.26585
1.25525
1.24208
1.23518
1.22773
1.22475
1.22331
1.2244
1.22914
1.23437
1.24532
1.25468
1.27176
1.28515
1.30815
1.32538
1.35397
1.37479
1.39696
1.43261
1.4579
1.49796
1.52598
1.56984
1.6002
1.64724
1.6795
1.72911
1.7629
1.81449
1.84941
1.90247
1.93821
1.99227
2.02855
2.08325
2.11986
2.17492
2.2117
2.26693
2.30378
2.35909
2.39597
2.45129
2.48819
2.54355
2.58047
2.6174
2.67284
2.70983
2.76534
2.80237
2.85793
2.89496
2.95046
2.98741
3.04267
3.07937
3.13412
3.17035
3.22419
3.25966
3.3121
3.34646
3.39691
3.42972
3.4775
3.5083
3.55269
3.58097
3.62122
3.64648
3.68181
3.70354
3.73324
3.751
3.77441
3.78778
3.79929
3.813
3.81971
3.82604
3.82774
3.82648
3.82309
3.81422
3.8058
3.78945
3.77614
3.75264
3.7347
3.70452
3.68232
3.64606
3.62003
3.5784
3.54904
3.50283
3.47069
3.4207
3.38632
3.33339
3.29732
3.24223
3.20496
3.14844
3.11044
3.07225
3.01476
2.97636
2.91877
2.88043
2.8231
2.78502
2.72818
2.69049
2.63428
2.59702
2.54147
2.50465
2.44973
2.41331
2.35894
2.32286
2.26896
2.23317
2.17968
2.14414
2.09104
2.05578
2.00311
1.96819
1.91612
1.88166
1.83044
1.79665
1.74664
1.71381
1.68146
1.63394
1.60303
1.558
1.52896
1.48706
1.46033
1.42225
1.3983
1.36472
1.344
1.31558
1.29849
1.27582
1.26273
1.24629
1.23749
1.22763
1.22332
1.22027
1.22052
1.22434
1.22915
1.23972
1.24896
1.26603
1.27948
1.30264
1.31998
1.33878
1.36957
1.39171
1.42717
1.45221
1.49166
1.51912
1.56186
1.59128
1.63663
1.66758
1.71493
1.74702
1.79582
1.82873
1.87856
1.91204
1.96259
1.99648
2.04756
2.08177
2.1333
2.16782
2.21984
2.2547
2.30731
2.34261
2.39596
2.43181
2.48606
2.52257
2.55937
2.61514
2.6527
2.70963
2.74797
2.80603
2.84508
2.90411
2.94371
3.00341
3.04333
3.10326
3.14314
3.20269
3.2421
3.30055
3.33896
3.39548
3.4323
3.48597
3.52057
3.57042
3.60215
3.64722
3.67545
3.71481
3.73894
3.77175
3.79126
3.8088
3.83127
3.84362
3.85808
3.86498
3.87115
3.87247
3.87026
3.86601
3.85554
3.84588
3.82749
3.8127
3.78688
3.76736
3.7348
3.71103
3.67252
