3.76286
3.82089
3.87663
3.95562
4.00501
4.07389
4.11618
4.17397
4.20864
4.25471
4.28144
4.31549
4.33419
4.35626
4.36706
4.3775
4.38073
4.38016
4.37631
4.36559
4.3553
4.33544
4.31943
4.29157
4.2706
4.23588
4.21073
4.17029
4.14168
4.09656
4.06516
4.03279
3.98261
3.94818
3.89522
3.85911
3.80383
3.76629
3.70897
3.67011
3.61086
3.5707
3.50945
3.46793
3.40453
3.3615
3.29574
3.25106
3.18272
3.13625
3.06515
3.0168
2.94286
2.89262
2.8159
2.76388
2.68461
2.631
2.54961
2.49478
2.41187
2.35628
2.30055
2.21691
2.16128
2.07832
2.02351
1.94234
1.88912
1.81095
1.76011
1.6861
1.63842
1.5697
1.5259
1.46347
1.42417
1.36888
1.33457
1.28706
1.25809
1.21876
1.19531
1.1643
1.14639
1.12359
1.11107
1.09615
1.08871
1.08112
1.07834
1.07728
1.07873
1.08159
1.0885
1.0947
1.10619
1.11516
1.13039
1.1416
1.15984
1.17284
1.19349
1.20796
1.23063
1.24635
1.27086
1.28781
1.31419
1.33247
1.36101
1.38086
1.41204
1.43385
1.46829
1.49253
1.531
1.55819
1.6015
1.63218
1.68113
1.71581
1.75223
1.81022
1.8512
1.91626
1.96206
2.03444
2.08513
2.16478
2.22024
2.30683
2.36671
2.45956
2.52331
2.62143
2.6883
2.7904
2.85944
2.96399
3.03409
3.13936
3.20933
3.31345
3.38202
3.48308
3.54897
3.64508
3.70707
3.79646
3.8534
3.90805
3.98539
4.03367
4.10086
4.14204
4.19817
4.23174
4.27621
4.3019
4.33446
4.35221
4.37296
4.38295
4.39229
4.39487
4.39347
4.38917
4.37791
4.36737
4.34729
4.33123
4.30343
4.2826
4.2482
4.22333
4.1834
4.15518
4.11067
4.07967
4.03138
3.99808
3.96397
3.91137
3.8754
3.82014
3.78247
3.7247
3.68535
3.62503
3.58393
3.52089
3.4779
3.41189
3.36682
3.29754
3.2502
3.1774
3.12764
3.05112
2.99886
2.91859
2.86385
2.77995
2.72287
2.63566
2.57653
2.48655
2.42582
2.33383
2.27206
2.21006
2.1169
2.05487
1.96228
1.90105
1.8103
1.75074
1.66318
1.60618
1.52311
1.46954
1.39221
1.34284
1.27233
1.22784
1.16508
1.126
1.07166
1.03835
0.992842
0.965498
0.928973
0.907598
0.879934
0.864366
0.845198
0.835118
0.823871
0.81884
0.814781
0.814271
0.815408
0.820002
0.824853
0.834586
0.842587
0.856649
0.86729
0.884984
0.897853
0.918651
0.933461
0.957038
0.973649
0.99991
1.01833
1.04742
1.06783
1.1001
1.1228
1.15881
1.18424
1.2247
1.25335
1.29906
1.33148
1.38326
1.41999
1.47861
1.52013
1.56368
1.63292
1.68174
1.75903
1.81328
1.89872
1.95836
2.05171
2.11646
2.21716
2.28652
2.39365
2.46691
2.57921
2.65543
2.77136
2.84942
2.96717
