Sat Aug 3 2013
Sun Aug 4 2013
289
3.60154
3.57101
3.53943
3.49027
3.45645
3.40439
3.36893
3.31482
3.27824
3.2228
3.18556
3.12942
3.09189
3.03554
2.99799
2.94176
2.90437
2.84846
2.81132
2.75581
2.71893
2.66377
2.6271
2.5722
2.53564
2.48084
2.4443
2.38945
2.35283
2.29779
2.26102
2.22419
2.16883
2.13186
2.07635
2.03934
1.98388
1.94699
1.89192
1.85544
1.80122
1.76549
1.7127
1.67816
1.62749
1.59461
1.54682
1.51612
1.472
1.44401
1.40436
1.3796
1.34515
1.32409
1.29552
1.27858
1.25643
1.24391
1.22859
1.22071
1.21244
1.20929
1.20804
1.20969
1.2131
1.22161
1.22949
1.2445
1.25655
1.27753
1.29336
1.31968
1.33885
1.36981
1.39182
1.42667
1.45103
1.48903
1.51525
1.55573
1.58338
1.6257
1.65442
1.69811
1.72759
1.77229
1.80236
1.84785
1.87841
1.92463
1.95569
1.98697
2.03434
2.06626
2.11472
2.14745
2.19728
2.23103
2.28256
2.31755
2.37109
2.40752
2.46333
2.50134
2.55959
2.59924
2.65995
2.70122
2.76427
2.80701
2.87208
2.91602
2.98262
3.02736
3.0948
3.13985
3.20728
3.252
3.31843
3.36212
3.42646
3.46837
3.50935
3.56881
3.60692
3.66149
3.69597
3.74456
3.77471
3.81634
3.84155
3.87538
3.89517
3.92056
3.93457
3.95111
3.95913
3.96663
3.96863
3.96715
3.96323
3.95306
3.94349
3.92512
3.91029
3.88439
3.8648
3.83217
3.80839
3.76994
3.74259
3.71399
3.66896
3.63766
3.58904
3.55565
3.50429
3.46933
3.41598
3.37991
3.32518
3.28836
3.23272
3.1954
3.13916
3.1015
3.04481
3.00688
2.94976
2.91153
2.85392
2.81531
2.75706
2.71796
2.65887
2.61916
2.55907
2.51865
2.45744
2.41624
2.35388
2.31193
2.2697
2.20588
2.16306
2.09852
2.05535
1.99053
1.94736
1.88284
1.8401
1.7766
1.73482
1.67319
1.63294
1.57408
1.53599
1.48085
1.44556
1.39507
1.36318
1.31823
1.29031
1.25168
1.22819
1.19653
1.17786
1.15363
1.14003
1.12352
1.11511
1.10878
1.10315
1.10194
1.10386
1.10757
1.11664
1.12495
1.14063
1.15312
1.17472
1.19091
1.21768
1.23705
1.2682
1.29023
1.32498
1.34917
1.38681
1.41271
1.45262
1.47986
1.52156
1.54987
1.59302
1.62222
1.66665
1.69669
1.7424
1.77332
1.82043
1.85236
1.88476
1.93429
1.96799
2.01967
2.05494
2.10916
2.14624
2.20336
2.24248
2.30278
2.34409
2.40775
2.45131
2.51833
2.56409
2.63429
2.68207
2.75506
2.80452
2.87971
2.93037
3.00695
3.05822
3.13518
3.18634
3.26254
3.31278
3.38695
3.4354
3.48289
3.552
3.59646
3.66037
3.70094
3.75842
3.79431
3.84425
3.87479
3.91626
3.94091
3.97321
3.99156
4.01423
4.02608
4.03893
4.04423
4.04734
4.03996
4.03273
4.02318
4.00465
3.98963
3.96332
3.94341
3.91026
3.88613
3.84715
3.81948
3.7757
3.74516
3.69757
3.66481
3.61434
3.57992
3.52736
3.49178
3.43776
3.40139
3.3464
3.3095
3.25385
3.21658
3.16041
3.1228
3.06613
3.02815
2.97085
2.9324
2.89373
2.83524
2.7959
2.7363
2.69616
2.63527
2.59422
2.53193
2.48993
2.42624
2.38335
2.3184
2.27474
2.20882
2.16466
2.09824
2.05394
1.98763
1.94365
1.87822
1.8351
1.77142
1.72978
1.6688
1.62928
1.57197
1.53523
1.48256
1.44922
1.40209
1.37271
1.34505
1.30695
1.28388
1.25293
1.23477
1.21133
1.19825
1.18248
1.17451
1.16634
1.16337
1.16253
1.16432
1.17036
1.17654
1.18886
1.19898
1.21685
1.23042
1.25305
1.26952
1.29611
1.31497
1.34476
1.36551
1.39781
1.42004
1.45429
1.47768
1.50145
1.53781
1.56248
1.60012
1.62564
1.6646
1.69104
1.7315
1.75905
1.80135
1.83028
1.87487
1.90549
1.95289
1.98555
2.03627
2.07131
2.12583
2.16355
2.22225
2.26285
2.32598
2.36955
2.43714
2.48365
2.55554
2.6048
2.68056
2.73221
2.81119
2.86472
2.91881
3.00077
3.05577
3.13847
3.19354
3.27565
3.32986
3.40996
3.46234
3.53895
3.58851
3.66019
3.70599
3.77136
3.81252
3.87035
3.90612
3.95538
3.98515
4.02503
4.04834
4.07831
4.09492
4.11472
4.12453
4.1342
4.13733
4.13715
4.13386
4.12813
4.11509
4.10357
4.08228
4.06555
4.03692
4.01562
3.98063
3.95544
3.9151
3.88667
3.84195
3.81089
3.76266
3.72953
3.67854
3.64378
3.59063
3.55458
3.49969
3.46258
3.4062
3.36814
3.31036
3.27137
3.21215
3.17216
3.11136
3.07024
3.00765
2.96527
2.92234
2.85688
2.8125
2.74479
2.69887
2.62885
2.58141
2.50914
2.46027
2.38599
2.33589
2.26
2.20901
2.13211
2.08068
2.00351
1.95219
1.87566
1.8251
1.75023
1.70114
1.62902
1.58213
1.51387
1.46993
1.40662
1.36631
1.30895
1.27292
1.23874
1.19114
1.16194
1.12209
1.09821
1.0665
1.04814
1.02477
1.01197
0.996883
0.98953
0.982457
0.980306
0.980783
0.983471
0.990876
0.997947
1.01155
1.02249
1.04149
1.05576
1.07935
1.09643
1.12387
1.14327
1.17388
1.19521
1.22847
1.25143
1.28697
1.31137
1.33633
1.37479
1.40114
1.44175
1.4696
1.51261
1.54216
1.58794
1.61949
1.66851
1.7024
1.75518
1.79175
1.84881
1.88839
1.95018
1.99304
2.05988
2.10617
2.17822
2.22798
2.30517
2.35829
2.44034
2.49652
2.58285
2.64165
2.73145
2.79223
2.85359
2.94643
3.00864
3.10205
3.16416
3.25665
3.31763
3.40762
3.46639
3.55226
3.60776
3.68795
3.73916
3.81221
3.85821
3.92283
3.96283
4.01796
4.09619
4.12251
4.14592
4.17555
4.19162
4.21024
4.21903
4.22686
4.22859
4.22611
4.22118
4.20911
4.19807
4.17729
4.16079
4.13233
4.11107
4.07602
4.05072
4.01017
3.98155
3.93653
3.90526
3.8567
3.82335
3.77206
3.7371
3.68369
3.64749
3.59239
3.55517
3.51758
3.46053
3.42206
3.36367
3.32429
3.26447
3.22408
3.16266
3.12112
3.05787
3.01503
2.94974
2.90549
2.83801
2.79228
2.72256
2.67535
2.60348
2.55491
2.48115
2.43145
2.35624
2.30575
2.2297
2.1789
2.10278
2.05223
1.97697
1.92733
1.85396
1.80593
1.75875
1.68983
1.64529
1.58084
1.53963
1.48067
1.44342
1.39084
1.3581
1.31261
1.2848
1.24694
1.22433
1.19439
1.17711
1.15517
1.14318
1.12908
1.1222
1.11555
1.11348
1.11373
1.11603
1.12249
1.12867
1.14055
1.15007
1.16654
1.17886
1.19214
1.21372
1.22909
1.25349
1.27054
1.29721
1.31565
1.34423
1.36387
1.39419
1.41499
1.44709
1.46913
1.50325
1.52676
1.5633
1.58859
1.6281
1.65557
1.69867
1.72876
1.77612
1.80927
1.86152
1.89812
1.95582
1.9962
2.05973
2.10409
2.17366
2.22205
2.27203
2.34991
2.4037
2.48704
2.54427
2.63236
2.69245
2.78431
2.84652
2.94091
3.00433
3.09981
3.16344
3.25841
3.32115
3.41393
3.47464
3.56353
3.62109
3.70444
3.75778
3.83406
3.88222
3.95009
3.99226
4.05062
4.08614
4.13415
4.16258
4.18809
4.22083
4.23896
4.26063
4.27142
4.28224
4.28594
4.28638
4.28338
4.27415
4.26499
4.24697
4.23226
4.20645
4.18689
4.15432
4.1306
4.0923
4.0651
4.02204
3.99196
3.94498
3.91254
3.86235
3.82796
3.77508
3.73902
3.68379
3.64623
3.58881
3.5498
3.51021
3.44971
3.40859
3.34571
3.30294
3.23745
3.19287
3.12455
3.078
3.00664
2.95803
2.88352
2.8328
2.75517
2.70241
2.62183
2.56721
2.48407
2.4279
2.34275
2.28549
2.19909
2.1413
2.05459
1.99694
1.91099
1.85424
1.77023
1.71516
1.66101
1.58176
1.53044
1.45603
1.40832
1.33985
1.29644
1.23488
1.19635
1.14249
1.10929
1.06368
1.03611
0.999065
0.977257
0.948858
0.932776
0.912853
0.902311
0.890479
0.885156
0.880847
0.880315
0.882828
0.886587
0.895136
0.902649
0.916427
0.927162
0.945395
0.958862
0.973301
0.99665
1.01327
1.03967
1.0582
1.08736
1.10768
1.13948
1.16159
1.19616
1.2202
1.25782
1.28404
1.32518
1.35392
1.39916
1.43084
1.48081
1.51586
1.57121
1.61006
1.67137
1.71436
1.78211
1.8295
1.90396
1.95587
2.03709
2.09346
2.15155
2.24181
2.30397
2.39997
2.46568
2.5665
2.63503
2.73945
2.80992
2.91649
2.98786
3.09494
3.16605
3.27184
3.34149
3.44415
3.5111
3.6088
