Sun Aug 4 2013
Mon Aug 5 2013
289
4.03996
4.03273
4.02318
4.00465
3.98963
3.96332
3.94341
3.91026
3.88613
3.84715
3.81948
3.7757
3.74516
3.69757
3.66481
3.61434
3.57992
3.52736
3.49178
3.43776
3.40139
3.3464
3.3095
3.25385
3.21658
3.16041
3.1228
3.06613
3.02815
2.97085
2.9324
2.89373
2.83524
2.7959
2.7363
2.69616
2.63527
2.59422
2.53193
2.48993
2.42624
2.38335
2.3184
2.27474
2.20882
2.16466
2.09824
2.05394
1.98763
1.94365
1.87822
1.8351
1.77142
1.72978
1.6688
1.62928
1.57197
1.53523
1.48256
1.44922
1.40209
1.37271
1.34505
1.30695
1.28388
1.25293
1.23477
1.21133
1.19825
1.18248
1.17451
1.16634
1.16337
1.16253
1.16432
1.17036
1.17654
1.18886
1.19898
1.21685
1.23042
1.25305
1.26952
1.29611
1.31497
1.34476
1.36551
1.39781
1.42004
1.45429
1.47768
1.50145
1.53781
1.56248
1.60012
1.62564
1.6646
1.69104
1.7315
1.75905
1.80135
1.83028
1.87487
1.90549
1.95289
1.98555
2.03627
2.07131
2.12583
2.16355
2.22225
2.26285
2.32598
2.36955
2.43714
2.48365
2.55554
2.6048
2.68056
2.73221
2.81119
2.86472
2.91881
3.00077
3.05577
3.13847
3.19354
3.27565
3.32986
3.40996
3.46234
3.53895
3.58851
3.66019
3.70599
3.77136
3.81252
3.87035
3.90612
3.95538
3.98515
4.02503
4.04834
4.07831
4.09492
4.11472
4.12453
4.1342
4.13733
4.13715
4.13386
4.12813
4.11509
4.10357
4.08228
4.06555
4.03692
4.01562
3.98063
3.95544
3.9151
3.88667
3.84195
3.81089
3.76266
3.72953
3.67854
3.64378
3.59063
3.55458
3.49969
3.46258
3.4062
3.36814
3.31036
3.27137
3.21215
3.17216
3.11136
3.07024
3.00765
2.96527
2.92234
2.85688
2.8125
2.74479
2.69887
2.62885
2.58141
2.50914
2.46027
2.38599
2.33589
2.26
2.20901
2.13211
2.08068
2.00351
1.95219
1.87566
1.8251
1.75023
1.70114
1.62902
1.58213
1.51387
1.46993
1.40662
1.36631
1.30895
1.27292
1.23874
1.19114
1.16194
1.12209
1.09821
1.0665
1.04814
1.02477
1.01197
0.996883
0.98953
0.982457
0.980306
0.980783
0.983471
0.990876
0.997947
1.01155
1.02249
1.04149
1.05576
1.07935
1.09643
1.12387
1.14327
1.17388
1.19521
1.22847
1.25143
1.28697
1.31137
1.33633
1.37479
1.40114
1.44175
1.4696
1.51261
1.54216
1.58794
1.61949
1.66851
1.7024
1.75518
1.79175
1.84881
1.88839
1.95018
1.99304
2.05988
2.10617
2.17822
2.22798
2.30517
2.35829
2.44034
2.49652
2.58285
2.64165
2.73145
2.79223
2.85359
2.94643
3.00864
3.10205
3.16416
3.25665
3.31763
3.40762
3.46639
3.55226
3.60776
3.68795
3.73916
3.81221
3.85821
3.92283
3.96283
4.01796
4.09619
4.12251
4.14592
4.17555
4.19162
4.21024
4.21903
4.22686
4.22859
4.22611
4.22118
4.20911
4.19807
4.17729
4.16079
4.13233
4.11107
4.07602
4.05072
4.01017
3.98155
3.93653
3.90526
3.8567
3.82335
3.77206
3.7371
3.68369
3.64749
3.59239
3.55517
3.51758
3.46053
3.42206
3.36367
3.32429
3.26447
3.22408
3.16266
3.12112
3.05787
3.01503
2.94974
2.90549
2.83801
2.79228
2.72256
2.67535
2.60348
2.55491
2.48115
2.43145
2.35624
2.30575
2.2297
2.1789
2.10278
2.05223
1.97697
1.92733
1.85396
1.80593
1.75875
1.68983
1.64529
1.58084
1.53963
1.48067
1.44342
1.39084
1.3581
1.31261
1.2848
1.24694
1.22433
1.19439
1.17711
1.15517
1.14318
1.12908
1.1222
1.11555
1.11348
1.11373
1.11603
1.12249
1.12867
1.14055
1.15007
1.16654
1.17886
1.19214
1.21372
1.22909
1.25349
1.27054
1.29721
1.31565
1.34423
1.36387
1.39419
1.41499
1.44709
1.46913
1.50325
1.52676
1.5633
1.58859
1.6281
1.65557
1.69867
1.72876
1.77612
1.80927
1.86152
1.89812
1.95582
1.9962
2.05973
2.10409
2.17366
2.22205
2.27203
2.34991
2.4037
2.48704
2.54427
2.63236
2.69245
2.78431
2.84652
2.94091
3.00433
3.09981
3.16344
3.25841
3.32115
3.41393
3.47464
3.56353
3.62109
3.70444
3.75778
3.83406
3.88222
3.95009
3.99226
4.05062
4.08614
4.13415
4.16258
4.18809
4.22083
4.23896
4.26063
4.27142
4.28224
4.28594
4.28638
4.28338
4.27415
4.26499
4.24697
4.23226
4.20645
4.18689
4.15432
4.1306
4.0923
4.0651
4.02204
3.99196
3.94498
3.91254
3.86235
3.82796
3.77508
3.73902
3.68379
3.64623
3.58881
3.5498
3.51021
3.44971
3.40859
3.34571
3.30294
3.23745
3.19287
3.12455
3.078
3.00664
2.95803
2.88352
2.8328
2.75517
2.70241
2.62183
2.56721
2.48407
2.4279
2.34275
2.28549
2.19909
2.1413
2.05459
1.99694
1.91099
1.85424
1.77023
1.71516
1.66101
1.58176
1.53044
1.45603
1.40832
1.33985
1.29644
1.23488
1.19635
1.14249
1.10929
1.06368
1.03611
0.999065
0.977257
0.948858
0.932776
0.912853
0.902311
0.890479
0.885156
0.880847
0.880315
0.882828
0.886587
0.895136
0.902649
0.916427
0.927162
0.945395
0.958862
0.973301
0.99665
1.01327
1.03967
1.0582
1.08736
1.10768
1.13948
1.16159
1.19616
1.2202
1.25782
1.28404
1.32518
1.35392
1.39916
1.43084
1.48081
1.51586
1.57121
1.61006
1.67137
1.71436
1.78211
1.8295
1.90396
1.95587
2.03709
2.09346
2.15155
2.24181
2.30397
2.39997
2.46568
2.5665
2.63503
2.73945
2.80992
2.91649
2.98786
3.09494
3.16605
3.27184
3.34149
3.44415
3.5111
3.6088
3.76286
3.82089
3.87663
3.95562
4.00501
4.07389
4.11618
4.17397
4.20864
4.25471
4.28144
4.31549
4.33419
4.35626
4.36706
4.3775
4.38073
4.38016
4.37631
4.36559
4.3553
4.33544
4.31943
4.29157
4.2706
4.23588
4.21073
4.17029
4.14168
4.09656
4.06516
4.03279
3.98261
3.94818
3.89522
3.85911
3.80383
3.76629
3.70897
3.67011
3.61086
3.5707
3.50945
3.46793
3.40453
3.3615
3.29574
3.25106
3.18272
3.13625
3.06515
3.0168
2.94286
2.89262
2.8159
2.76388
2.68461
2.631
2.54961
2.49478
2.41187
2.35628
2.30055
2.21691
2.16128
2.07832
2.02351
1.94234
1.88912
1.81095
1.76011
1.6861
1.63842
1.5697
1.5259
1.46347
1.42417
1.36888
1.33457
1.28706
1.25809
1.21876
1.19531
1.1643
1.14639
1.12359
1.11107
1.09615
1.08871
1.08112
1.07834
1.07728
1.07873
1.08159
1.0885
1.0947
1.10619
1.11516
1.13039
1.1416
1.15984
1.17284
1.19349
1.20796
1.23063
1.24635
1.27086
1.28781
1.31419
1.33247
1.36101
1.38086
1.41204
1.43385
1.46829
1.49253
1.531
1.55819
1.6015
1.63218
1.68113
1.71581
1.75223
1.81022
1.8512
1.91626
1.96206
2.03444
2.08513
2.16478
2.22024
2.30683
2.36671
2.45956
2.52331
2.62143
2.6883
2.7904
2.85944
2.96399
3.03409
3.13936
3.20933
3.31345
3.38202
3.48308
3.54897
3.64508
3.70707
3.79646
3.8534
3.90805
3.98539
4.03367
4.10086
4.14204
4.19817
4.23174
4.27621
4.3019
4.33446
4.35221
4.37296
4.38295
4.39229
4.39487
4.39347
4.38917
4.37791
4.36737
4.34729
4.33123
4.30343
4.2826
4.2482
4.22333
4.1834
4.15518
4.11067
4.07967
4.03138
3.99808
3.96397
3.91137
3.8754
3.82014
3.78247
3.7247
3.68535
3.62503
3.58393
3.52089
3.4779
3.41189
3.36682
3.29754
3.2502
3.1774
3.12764
3.05112
2.99886
2.91859
2.86385
2.77995
2.72287
2.63566
2.57653
2.48655
2.42582
2.33383
2.27206
2.21006
2.1169
2.05487
1.96228
1.90105
1.8103
1.75074
1.66318
1.60618
1.52311
1.46954
1.39221
1.34284
1.27233
1.22784
1.16508
1.126
1.07166
1.03835
0.992842
0.965498
0.928973
0.907598
0.879934
0.864366
0.845198
0.835118
0.823871
0.81884
0.814781
0.814271
0.815408
0.820002
0.824853
0.834586
0.842587
0.856649
0.86729
0.884984
0.897853
0.918651
0.933461
0.957038
0.973649
0.99991
1.01833
1.04742
1.06783
1.1001
1.1228
1.15881
1.18424
1.2247
1.25335
1.29906
1.33148
1.38326
1.41999
1.47861
1.52013
1.56368
1.63292
1.68174
1.75903
1.81328
1.89872
1.95836
2.05171
2.11646
2.21716
2.28652
2.39365
2.46691
2.57921
2.65543
2.77136
2.84942
2.96717
