Fri Aug 2 2013
Sat Aug 3 2013
289
2.93453
2.89464
2.85469
2.79479
2.75495
2.69543
2.65598
2.59723
2.55839
2.5007
2.46264
2.4062
2.36903
2.31395
2.27771
2.22405
2.18875
2.13651
2.10216
2.05132
2.01789
1.96843
1.93591
1.88784
1.85626
1.80962
1.77903
1.73394
1.70443
1.66106
1.63278
1.60504
1.56454
1.53833
1.5003
1.47588
1.44076
1.41843
1.3867
1.36679
1.33896
1.32182
1.2984
1.28437
1.26585
1.25525
1.24208
1.23518
1.22773
1.22475
1.22331
1.2244
1.22914
1.23437
1.24532
1.25468
1.27176
1.28515
1.30815
1.32538
1.35397
1.37479
1.39696
1.43261
1.4579
1.49796
1.52598
1.56984
1.6002
1.64724
1.6795
1.72911
1.7629
1.81449
1.84941
1.90247
1.93821
1.99227
2.02855
2.08325
2.11986
2.17492
2.2117
2.26693
2.30378
2.35909
2.39597
2.45129
2.48819
2.54355
2.58047
2.6174
2.67284
2.70983
2.76534
2.80237
2.85793
2.89496
2.95046
2.98741
3.04267
3.07937
3.13412
3.17035
3.22419
3.25966
3.3121
3.34646
3.39691
3.42972
3.4775
3.5083
3.55269
3.58097
3.62122
3.64648
3.68181
3.70354
3.73324
3.751
3.77441
3.78778
3.79929
3.813
3.81971
3.82604
3.82774
3.82648
3.82309
3.81422
3.8058
3.78945
3.77614
3.75264
3.7347
3.70452
3.68232
3.64606
3.62003
3.5784
3.54904
3.50283
3.47069
3.4207
3.38632
3.33339
3.29732
3.24223
3.20496
3.14844
3.11044
3.07225
3.01476
2.97636
2.91877
2.88043
2.8231
2.78502
2.72818
2.69049
2.63428
2.59702
2.54147
2.50465
2.44973
2.41331
2.35894
2.32286
2.26896
2.23317
2.17968
2.14414
2.09104
2.05578
2.00311
1.96819
1.91612
1.88166
1.83044
1.79665
1.74664
1.71381
1.68146
1.63394
1.60303
1.558
1.52896
1.48706
1.46033
1.42225
1.3983
1.36472
1.344
1.31558
1.29849
1.27582
1.26273
1.24629
1.23749
1.22763
1.22332
1.22027
1.22052
1.22434
1.22915
1.23972
1.24896
1.26603
1.27948
1.30264
1.31998
1.33878
1.36957
1.39171
1.42717
1.45221
1.49166
1.51912
1.56186
1.59128
1.63663
1.66758
1.71493
1.74702
1.79582
1.82873
1.87856
1.91204
1.96259
1.99648
2.04756
2.08177
2.1333
2.16782
2.21984
2.2547
2.30731
2.34261
2.39596
2.43181
2.48606
2.52257
2.55937
2.61514
2.6527
2.70963
2.74797
2.80603
2.84508
2.90411
2.94371
3.00341
3.04333
3.10326
3.14314
3.20269
3.2421
3.30055
3.33896
3.39548
3.4323
3.48597
3.52057
3.57042
3.60215
3.64722
3.67545
3.71481
3.73894
3.77175
3.79126
3.8088
3.83127
3.84362
3.85808
3.86498
3.87115
3.87247
3.87026
3.86601
3.85554
3.84588
3.82749
3.8127
3.78688
3.76736
3.7348
3.71103
3.67252
3.60154
3.57101
3.53943
3.49027
3.45645
3.40439
3.36893
3.31482
3.27824
3.2228
3.18556
3.12942
3.09189
3.03554
2.99799
2.94176
2.90437
2.84846
2.81132
2.75581
2.71893
2.66377
2.6271
2.5722
2.53564
2.48084
2.4443
2.38945
2.35283
2.29779
2.26102
2.22419
2.16883
2.13186
2.07635
2.03934
1.98388
1.94699
1.89192
1.85544
1.80122
1.76549
1.7127
1.67816
1.62749
1.59461
1.54682
1.51612
1.472
1.44401
1.40436
1.3796
1.34515
1.32409
1.29552
1.27858
1.25643
1.24391
1.22859
1.22071
1.21244
1.20929
1.20804
1.20969
1.2131
1.22161
1.22949
1.2445
1.25655
1.27753
1.29336
1.31968
1.33885
1.36981
1.39182
1.42667
1.45103
1.48903
1.51525
1.55573
1.58338
1.6257
1.65442
1.69811
1.72759
1.77229
1.80236
1.84785
1.87841
1.92463
1.95569
1.98697
2.03434
2.06626
2.11472
2.14745
2.19728
2.23103
2.28256
2.31755
2.37109
2.40752
2.46333
2.50134
2.55959
2.59924
2.65995
2.70122
2.76427
2.80701
2.87208
2.91602
2.98262
3.02736
3.0948
3.13985
3.20728
3.252
3.31843
3.36212
3.42646
3.46837
3.50935
3.56881
3.60692
3.66149
3.69597
3.74456
3.77471
3.81634
3.84155
3.87538
3.89517
3.92056
3.93457
3.95111
3.95913
3.96663
3.96863
3.96715
3.96323
3.95306
3.94349
3.92512
3.91029
3.88439
3.8648
3.83217
3.80839
3.76994
3.74259
3.71399
3.66896
3.63766
3.58904
3.55565
3.50429
3.46933
3.41598
3.37991
3.32518
3.28836
3.23272
3.1954
3.13916
3.1015
3.04481
3.00688
2.94976
2.91153
2.85392
2.81531
2.75706
2.71796
2.65887
2.61916
2.55907
2.51865
2.45744
2.41624
2.35388
2.31193
2.2697
2.20588
2.16306
2.09852
2.05535
1.99053
1.94736
1.88284
1.8401
1.7766
1.73482
1.67319
1.63294
1.57408
1.53599
1.48085
1.44556
1.39507
1.36318
1.31823
1.29031
1.25168
1.22819
1.19653
1.17786
1.15363
1.14003
1.12352
1.11511
1.10878
1.10315
1.10194
1.10386
1.10757
1.11664
1.12495
1.14063
1.15312
1.17472
1.19091
1.21768
1.23705
1.2682
1.29023
1.32498
1.34917
1.38681
1.41271
1.45262
1.47986
1.52156
1.54987
1.59302
1.62222
1.66665
1.69669
1.7424
1.77332
1.82043
1.85236
1.88476
1.93429
1.96799
2.01967
2.05494
2.10916
2.14624
2.20336
2.24248
2.30278
2.34409
2.40775
2.45131
2.51833
2.56409
2.63429
2.68207
2.75506
2.80452
2.87971
2.93037
3.00695
3.05822
3.13518
3.18634
3.26254
3.31278
3.38695
3.4354
3.48289
3.552
3.59646
3.66037
3.70094
3.75842
3.79431
3.84425
3.87479
3.91626
3.94091
3.97321
3.99156
4.01423
4.02608
4.03893
4.04423
4.04734
4.03996
4.03273
4.02318
4.00465
3.98963
3.96332
3.94341
3.91026
3.88613
3.84715
3.81948
3.7757
3.74516
3.69757
3.66481
3.61434
3.57992
3.52736
3.49178
3.43776
3.40139
3.3464
3.3095
3.25385
3.21658
3.16041
3.1228
3.06613
3.02815
2.97085
2.9324
2.89373
2.83524
2.7959
2.7363
2.69616
2.63527
2.59422
2.53193
2.48993
2.42624
2.38335
2.3184
2.27474
2.20882
2.16466
2.09824
2.05394
1.98763
1.94365
1.87822
1.8351
1.77142
1.72978
1.6688
1.62928
1.57197
1.53523
1.48256
1.44922
1.40209
1.37271
1.34505
1.30695
1.28388
1.25293
1.23477
1.21133
1.19825
1.18248
1.17451
1.16634
1.16337
1.16253
1.16432
1.17036
1.17654
1.18886
1.19898
1.21685
1.23042
1.25305
1.26952
1.29611
1.31497
1.34476
1.36551
1.39781
1.42004
1.45429
1.47768
1.50145
1.53781
1.56248
1.60012
1.62564
1.6646
1.69104
1.7315
1.75905
1.80135
1.83028
1.87487
1.90549
1.95289
1.98555
2.03627
2.07131
2.12583
2.16355
2.22225
2.26285
2.32598
2.36955
2.43714
2.48365
2.55554
2.6048
2.68056
2.73221
2.81119
2.86472
2.91881
3.00077
3.05577
3.13847
3.19354
3.27565
3.32986
3.40996
3.46234
3.53895
3.58851
3.66019
3.70599
3.77136
3.81252
3.87035
3.90612
3.95538
3.98515
4.02503
4.04834
4.07831
4.09492
4.11472
4.12453
4.1342
4.13733
4.13715
4.13386
4.12813
4.11509
4.10357
4.08228
4.06555
4.03692
4.01562
3.98063
3.95544
3.9151
3.88667
3.84195
3.81089
3.76266
3.72953
3.67854
3.64378
3.59063
3.55458
3.49969
3.46258
3.4062
3.36814
3.31036
3.27137
3.21215
3.17216
3.11136
3.07024
3.00765
2.96527
2.92234
2.85688
2.8125
2.74479
2.69887
2.62885
2.58141
2.50914
2.46027
2.38599
2.33589
2.26
2.20901
2.13211
2.08068
2.00351
1.95219
1.87566
1.8251
1.75023
1.70114
1.62902
1.58213
1.51387
1.46993
1.40662
1.36631
1.30895
1.27292
1.23874
1.19114
1.16194
1.12209
1.09821
1.0665
1.04814
1.02477
1.01197
0.996883
0.98953
0.982457
0.980306
0.980783
0.983471
0.990876
0.997947
1.01155
1.02249
1.04149
1.05576
1.07935
1.09643
1.12387
1.14327
1.17388
1.19521
1.22847
1.25143
1.28697
1.31137
1.33633
1.37479
1.40114
1.44175
1.4696
1.51261
1.54216
1.58794
1.61949
1.66851
1.7024
1.75518
1.79175
1.84881
1.88839
1.95018
1.99304
2.05988
2.10617
2.17822
2.22798
2.30517
2.35829
2.44034
2.49652
2.58285
2.64165
2.73145
2.79223
2.85359
2.94643
3.00864
3.10205
3.16416
3.25665
3.31763
3.40762
3.46639
3.55226
3.60776
3.68795
3.73916
3.81221
3.85821
3.92283
3.96283
4.01796
